0.08 -0.06 0.16 0 20 255 1000 1000 205698 40098 2.00 0.05
0.08 -0.02 0.16 1 20 255 1000 1000 205698 40098 2.00 0.05
0.08 -0.06 0.16 2 19 256 1000 1000 205698 40098 2.00 0.05
0.08 0.04 0.16 0 21 254 1000 1000 205698 40098 2.00 0.05
0.08 0.04 0.16 2 21 256 1000 1000 205698 40098 2.00 0.05
0.08 -0.11 0.15 1 19 258 1000 1000 205698 40098 2.00 0.05
0.08 -0.07 0.15 0 19 257 1000 1000 205698 40098 2.00 0.05
0.08 -0.05 0.15 1 20 255 1000 1000 205698 40098 2.00 0.05
0.08 0.04 0.16 -1 21 257 1000 1000 205698 40098 2.00 0.05
0.08 0.05 0.16 -1 21 255 1000 1000 205698 40098 2.00 0.05
0.08 0.06 0.16 0 20 254 1000 1000 205698 40098 2.00 0.05
0.08 -0.02 0.16 -1 21 258 1000 1000 205698 40098 2.00 0.05
0.08 -0.04 0.16 1 20 253 1000 1000 205698 40098 2.00 0.05
0.08 0.06 0.16 1 20 256 1000 1000 205698 40098 2.00 0.05
-0.92 -100.00 -6.84 1 20 255 2000 1100 205698 40098 2.00 0.05
0.08 -0.04 0.16 -1 19 253 1100 1212 205698 40098 2.00 0.05
0.08 -0.04 0.16 0 20 255 1100 1211 205698 40098 2.00 0.05
0.08 -0.05 0.15 0 20 256 1100 1211 205698 40098 2.00 0.05
0.08 0.14 0.17 0 23 256 1100 1216 205698 40098 2.00 0.05
0.08 0.05 0.16 0 22 257 1100 1215 205698 40098 2.00 0.05
0.08 -0.01 0.16 -2 20 256 1100 1213 205698 40098 2.00 0.05
0.08 0.10 0.17 -1 22 255 1100 1217 205698 40098 2.00 0.05
0.08 0.10 0.17 0 22 255 1100 1217 205698 40098 2.00 0.05
0.08 0.14 0.17 1 22 255 1100 1220 205698 40098 2.00 0.05
0.08 0.04 0.17 2 21 256 1100 1218 205698 40098 2.00 0.05
0.08 -0.00 0.17 0 20 257 1100 1217 205698 40098 2.00 0.05
0.08 -0.05 0.16 1 22 257 1100 1215 205698 40098 2.00 0.05
0.08 -0.04 0.16 0 21 256 1100 1215 205698 2860 2.00 0.05
0.08 0.10 0.17 -1 22 256 1100 1219 62955 2860 2.00 0.05
0.08 0.05 0.17 0 23 255 1100 1218 62955 2860 2.00 0.05
0.08 -0.00 0.17 0 22 256 1100 1217 62955 2860 2.00 0.05
0.08 -0.09 0.16 1 20 254 1100 1214 62955 2860 2.00 0.05
0.08 -0.24 0.15 11 16 254 1100 1209 62955 2860 2.00 0.05
0.09 0.49 0.20 2 30 256 1100 1229 62955 2860 2.00 0.05
0.09 0.43 0.20 -3 30 249 1100 1232 62955 2860 2.00 0.05
0.09 0.00 0.18 -9 21 255 1100 1223 62955 2860 2.00 0.05
0.09 -0.04 0.18 13 21 254 1100 1221 315712 2860 2.00 0.05
0.08 -0.49 0.15 1 13 257 1100 1207 315712 2860 2.00 0.05
0.08 -0.55 0.13 0 11 264 1100 1201 85110 39019 2.00 0.05
0.07 -0.54 0.12 -5 9 256 1100 1196 85110 39019 2.00 0.05
0.08 0.75 0.20 -29 32 259 1100 1231 64245 39019 2.00 0.05
0.08 0.10 0.17 14 31 247 1100 1218 64245 39019 2.00 0.05
0.08 0.14 0.17 -19 33 251 1100 1220 55976 46157 2.00 0.05
0.09 0.63 0.21 26 31 232 1100 1236 52700 47715 2.00 0.05
0.09 0.17 0.19 -6 24 248 1100 1228 50904 34939 2.00 0.05
0.09 0.02 0.19 5 13 249 1100 1225 50510 31783 2.00 0.05
0.09 -0.33 0.16 -15 4 258 1100 1214 50510 27669 2.00 0.05
0.08 -0.49 0.14 16 -1 252 1100 1206 49187 28555 2.00 0.05
0.07 -1.73 0.05 4 -4 256 1100 1162 48072 28749 2.00 0.05
0.07 0.35 0.16 7 38 247 1100 1212 48007 29560 2.00 0.05
0.06 -1.15 0.06 -2 10 256 1100 1168 45845 30779 2.00 0.05
0.04 -1.56 0.01 3 2 261 1100 1145 45614 30546 2.00 0.05
0.04 0.00 0.09 -18 25 258 1100 1180 44675 30776 2.00 0.05
0.05 0.33 0.11 -13 20 255 1100 1191 44675 31953 2.00 0.05
0.04 -0.24 0.08 32 -1 252 1100 1176 45101 31864 2.00 0.05
0.04 0.05 0.09 -5 0 250 1100 1183 44801 30182 2.00 0.05
0.04 -0.21 0.07 -8 -8 248 1100 1175 45011 28993 2.00 0.05
0.00 -3.94 -0.19 22 -43 262 1227 1100 44847 28462 2.00 0.05
-0.01 -1.17 -0.08 2 -14 257 1176 1100 44724 28332 2.00 0.05
-0.01 0.00 -0.02 -19 2 257 1149 1100 36864 29486 2.00 0.05
0.01 2.04 0.13 20 62 233 1100 1198 30008 33509 2.00 0.05
0.02 0.91 0.09 0 37 243 1100 1181 32294 33625 2.00 0.05
0.04 1.66 0.16 -16 33 254 1100 1213 35790 29241 2.00 0.05
0.02 -1.48 -0.03 -7 -30 252 1154 1100 39900 28101 2.00 0.05
0.00 -2.19 -0.11 1 -53 252 1190 1100 40494 27799 2.00 0.05
-0.00 -0.38 -0.03 21 -48 245 1153 1100 36680 31207 2.00 0.05
0.00 0.43 0.02 10 -5 245 1100 1152 31520 32842 2.00 0.05
-0.01 -1.09 -0.07 -24 -20 252 1175 1100 33319 36125 2.00 0.05
-0.06 -5.13 -0.38 -18 -39 257 1309 1100 35794 37046 2.00 0.05
-0.10 -3.53 -0.37 -12 -33 250 1305 1100 32608 38525 2.00 0.05
-0.16 -6.30 -0.63 23 -96 244 1415 1100 22632 38436 2.00 0.05
-0.15 1.28 -0.23 -1 -4 249 1244 1100 20812 37285 2.00 0.05
-0.15 0.14 -0.28 -39 -54 272 1268 1100 21971 36616 2.00 0.05
-0.12 2.14 -0.14 -26 -6 274 1205 1100 21903 34501 2.00 0.05
-0.13 -0.28 -0.27 -28 -11 257 1261 1100 22671 34354 2.00 0.05
-0.13 -0.58 -0.29 -22 -31 245 1272 1100 24136 32839 2.00 0.05
-0.16 -2.26 -0.42 14 -84 244 1328 1100 22531 31082 2.00 0.05
-0.15 0.17 -0.30 -43 -30 253 1274 1100 22592 30506 2.00 0.05
-0.13 2.50 -0.13 -12 -45 255 1201 1100 21475 29640 2.00 0.05
-0.14 -0.75 -0.31 9 -20 263 1279 1100 20881 27135 2.00 0.05
-0.12 1.84 -0.14 -14 -12 244 1206 1100 21781 27105 2.00 0.05
-0.15 -2.98 -0.44 50 -64 240 1336 1100 21976 25419 2.00 0.05
-0.16 -1.09 -0.37 -20 -34 260 1305 1100 23221 23862 2.00 0.05
-0.17 -1.21 -0.40 14 -56 247 1318 1100 23543 24351 2.00 0.05
-0.16 1.45 -0.24 -23 -54 247 1248 1100 20950 23429 2.00 0.05
-0.19 -3.53 -0.56 -4 -111 262 1384 1100 20422 22820 2.00 0.05
-0.20 -0.67 -0.43 -19 -61 263 1330 1100 21020 21982 2.00 0.05
-0.25 -4.92 -0.74 40 -133 262 1458 1100 20839 21549 2.00 0.05
-0.28 -2.90 -0.70 -21 -76 263 1441 1100 19830 21285 2.00 0.05
-0.30 -1.93 -0.69 10 -108 245 1437 1100 19854 21400 2.00 0.05
-0.32 -2.46 -0.76 13 -86 254 1467 1100 19266 20515 2.00 0.05
-0.32 -0.23 -0.66 2 -61 248 1424 1100 19762 20048 2.00 0.05
-0.35 -2.55 -0.82 -6 -118 265 1491 1100 19375 19712 2.00 0.05
-0.33 1.70 -0.58 -18 -70 258 1392 1100 19715 19273 2.00 0.05
-0.36 -3.01 -0.87 7 -123 243 1510 1100 19269 18825 2.00 0.05
-0.33 2.83 -0.52 -10 -61 246 1370 1100 20845 18619 2.00 0.05
-0.32 1.02 -0.59 6 -51 252 1399 1100 20346 18348 2.00 0.05
-0.32 0.47 -0.61 31 -98 247 1406 1100 19679 18098 2.00 0.05
-0.31 0.56 -0.60 -15 -70 242 1400 1100 19745 18177 2.00 0.05
-0.35 -3.77 -0.89 44 -146 242 1517 1100 20310 17550 2.00 0.05
-0.33 1.52 -0.59 -2 -76 248 1398 1100 19859 17299 2.00 0.05
-0.35 -1.63 -0.78 -11 -106 254 1475 1100 19186 17111 2.00 0.05
-0.32 3.53 -0.45 26 -48 255 1341 1100 19847 16599 2.00 0.05
-0.30 1.53 -0.52 -16 -29 239 1370 1100 20477 16915 2.00 0.05
-0.33 -3.38 -0.84 8 -123 242 1497 1100 19776 16718 2.00 0.05
-0.33 0.47 -0.64 0 -85 240 1416 1100 19887 16674 2.00 0.05
-0.34 -0.99 -0.73 1 -92 244 1453 1100 19805 16419 2.00 0.05
-0.29 5.27 -0.31 -16 -29 238 1279 1100 19842 15953 2.00 0.05
-0.27 1.38 -0.48 5 -47 248 1350 1100 19916 16171 2.00 0.05
-0.24 3.20 -0.32 0 -34 242 1284 1100 20514 16139 2.00 0.05
-0.23 0.81 -0.42 -16 -29 238 1328 1100 19808 15926 2.00 0.05
-0.29 -5.66 -0.86 64 -148 229 1506 1100 19891 16012 2.00 0.05
-0.26 3.13 -0.36 3 -52 233 1300 1100 19863 15930 2.00 0.05
-0.25 1.29 -0.43 3 -60 248 1329 1100 19684 16104 2.00 0.05
-0.20 4.84 -0.15 -27 7 260 1210 1100 19707 16321 2.00 0.05
-0.18 1.27 -0.30 -29 -5 253 1277 1100 19869 16055 2.00 0.05
-0.19 -0.69 -0.42 29 -55 222 1325 1100 22529 16617 2.00 0.05
-0.21 -1.61 -0.49 1 -64 233 1358 1100 20973 17052 2.00 0.05
-0.25 -4.28 -0.71 106 -122 244 1447 1100 19760 16950 2.00 0.05
-0.17 7.64 0.04 -12 9 241 1100 1157 20328 17828 2.00 0.05
-0.18 -0.61 -0.39 -8 -68 247 1313 1100 19655 17883 2.00 0.05
-0.16 1.49 -0.25 -22 -29 245 1255 1100 26298 17899 2.00 0.05
-0.19 -2.45 -0.50 -1 -41 240 1360 1100 22988 18916 2.00 0.05
-0.19 -0.12 -0.39 -42 -7 237 1312 1100 21495 19832 2.00 0.05
-0.18 0.74 -0.33 1 -45 242 1287 1100 20388 21139 2.00 0.05
-0.14 4.31 -0.06 -19 20 259 1170 1100 19749 22370 2.00 0.05
-0.08 5.84 0.13 -25 1 255 1100 1200 19921 22666 2.00 0.05
-0.13 -4.69 -0.49 58 -90 256 1356 1100 23990 23992 2.00 0.05
-0.14 -1.17 -0.34 13 -92 243 1291 1100 27708 22800 2.00 0.05
-0.16 -1.83 -0.41 58 -62 229 1321 1100 23005 23868 2.00 0.05
-0.15 0.90 -0.25 -14 -24 247 1255 1100 20352 26144 2.00 0.05
-0.17 -1.85 -0.43 26 -47 262 1330 1100 20329 26550 2.00 0.05
-0.16 0.92 -0.27 -13 -30 271 1262 1100 20564 29492 2.00 0.05
-0.21 -4.68 -0.64 33 -84 274 1420 1100 20970 30517 2.00 0.05
-0.21 -0.39 -0.44 -8 -7 255 1334 1100 20355 31788 2.00 0.05
-0.20 0.83 -0.36 20 -68 244 1301 1100 19853 35631 2.00 0.05
-0.15 4.62 -0.08 -31 2 261 1177 1100 19741 36737 2.00 0.05
-0.12 3.31 -0.08 -25 0 257 1177 1100 20249 37939 2.00 0.05
-0.10 2.00 -0.10 1 16 254 1188 1100 24653 38849 2.00 0.05
-0.08 2.42 -0.03 3 4 248 1157 1100 25988 39949 2.00 0.05
-0.09 -1.43 -0.26 41 -57 249 1256 1100 26589 40537 2.00 0.05
-0.08 1.05 -0.11 41 -56 258 1191 1100 28098 40485 2.00 0.05
-0.08 0.54 -0.13 9 4 257 1198 1100 23191 41830 2.00 0.05
-0.06 1.17 -0.07 -3 -45 250 1173 1100 25599 41695 2.00 0.05
-0.06 0.14 -0.12 -41 5 265 1195 1100 25551 43401 2.00 0.05
-0.09 -2.73 -0.32 -27 -56 252 1282 1100 27206 41628 2.00 0.05
-0.13 -3.90 -0.45 -24 -64 252 1340 1100 27258 42930 2.00 0.05
-0.18 -4.89 -0.60 41 -94 239 1402 1100 21401 44522 2.00 0.05
-0.17 1.18 -0.27 26 -32 244 1263 1100 21047 44522 2.00 0.05
-0.16 0.62 -0.29 3 -44 265 1270 1100 20981 43850 2.00 0.05
-0.15 1.14 -0.24 -49 28 261 1249 1100 21412 45191 2.00 0.05
-0.16 -0.86 -0.36 4 -65 258 1300 1100 21974 43993 2.00 0.05
-0.18 -2.06 -0.46 -12 -37 252 1343 1100 20917 44558 2.00 0.05
-0.19 -0.89 -0.42 20 -74 248 1326 1100 20268 43392 2.00 0.05
-0.18 0.88 -0.31 -9 -47 261 1280 1100 20325 43843 2.00 0.05
-0.15 2.85 -0.16 -2 -40 271 1212 1100 20325 45512 2.00 0.05
-0.15 -0.31 -0.32 23 -42 269 1284 1100 19887 43944 2.00 0.05
-0.12 3.05 -0.09 -17 20 251 1183 1100 22576 44328 2.00 0.05
-0.16 -4.10 -0.53 2 -58 258 1373 1100 22541 45098 2.00 0.05
-0.15 1.43 -0.23 -17 -34 255 1243 1100 21225 44402 2.00 0.05
-0.17 -2.01 -0.44 18 -82 259 1334 1100 21938 44402 2.00 0.05
-0.14 3.37 -0.10 -21 -5 249 1187 1100 21462 44271 2.00 0.05
-0.14 -0.04 -0.27 -2 -46 251 1263 1100 20805 44210 2.00 0.05
-0.09 4.28 0.03 -35 50 252 1100 1154 23503 44932 2.00 0.05
-0.07 2.46 -0.01 13 10 240 1147 1100 25601 45020 2.00 0.05
-0.06 0.36 -0.11 -21 29 266 1191 1100 25776 44788 2.00 0.05
-0.06 0.54 -0.09 -9 -45 250 1183 1100 28701 38874 2.00 0.05
-0.07 -0.95 -0.18 1 -54 255 1224 1100 28799 41349 2.00 0.05
-0.03 3.44 0.10 11 -8 254 1100 1188 28373 42248 2.00 0.05
-0.04 -0.99 -0.14 20 -26 262 1203 1100 27635 43271 2.00 0.05
0.00 4.45 0.22 -26 47 266 1100 1242 29915 38030 2.00 0.05
-0.04 -3.86 -0.27 29 -29 255 1262 1100 29782 32098 2.00 0.05
-0.05 -1.21 -0.16 -31 -14 254 1214 1100 30754 27155 2.00 0.05
-0.09 -3.66 -0.36 -2 -47 252 1299 1100 29012 27924 2.00 0.05
-0.10 -1.24 -0.26 -1 -70 246 1258 1100 25219 31898 2.00 0.05
-0.10 0.42 -0.17 -15 -44 249 1217 1100 25363 35673 2.00 0.05
-0.11 -1.71 -0.31 -35 -47 276 1279 1100 22641 38953 2.00 0.05
-0.10 1.10 -0.15 -52 -3 279 1208 1100 23586 40566 2.00 0.05
-0.12 -2.14 -0.35 -7 1 258 1297 1100 21911 41821 2.00 0.05
-0.11 1.26 -0.16 34 -3 239 1212 1100 23625 42725 2.00 0.05
-0.13 -2.36 -0.39 41 -60 241 1312 1100 22451 43340 2.00 0.05
-0.12 1.66 -0.15 4 -13 253 1209 1100 23643 42892 2.00 0.05
-0.10 1.35 -0.14 29 -46 269 1204 1100 22973 41628 2.00 0.05
-0.05 5.45 0.17 -6 67 251 1100 1220 23744 42187 2.00 0.05
-0.03 2.31 0.06 0 4 244 1100 1170 25259 41771 2.00 0.05
-0.02 0.88 0.01 -16 15 251 1100 1146 26884 28301 2.00 0.05
-0.05 -3.03 -0.25 -18 -62 255 1252 1100 31202 27234 2.00 0.05
-0.08 -3.15 -0.32 -18 -67 247 1282 1100 36832 29043 2.00 0.05
-0.09 -0.72 -0.21 -35 -79 254 1235 1100 27980 31879 2.00 0.05
-0.12 -3.18 -0.40 21 -79 250 1316 1100 22535 37841 2.00 0.05
-0.09 3.03 -0.02 -14 19 260 1152 1100 23852 40013 2.00 0.05
-0.13 -4.16 -0.47 -20 -19 264 1346 1100 21947 41230 2.00 0.05
-0.14 -0.88 -0.32 -12 -13 239 1284 1100 26565 40989 2.00 0.05
-0.18 -3.75 -0.54 3 -61 249 1376 1100 22444 40989 2.00 0.05
-0.14 3.44 -0.11 -16 9 244 1191 1100 20249 41554 2.00 0.05
-0.15 -0.94 -0.35 -2 -87 246 1296 1100 20666 42301 2.00 0.05
-0.13 1.70 -0.18 -10 -41 246 1223 1100 23426 42301 2.00 0.05
-0.12 1.54 -0.16 15 -48 259 1213 1100 22933 40637 2.00 0.05
-0.13 -0.91 -0.30 -7 0 252 1275 1100 24117 38295 2.00 0.05
-0.15 -2.22 -0.41 59 -63 247 1322 1100 24685 37912 2.00 0.05
-0.15 -0.15 -0.31 -19 -16 242 1279 1100 21981 37849 2.00 0.05
-0.16 -1.19 -0.39 -19 -84 241 1312 1100 20888 36066 2.00 0.05
-0.17 -0.27 -0.34 -31 4 265 1294 1100 20439 37173 2.00 0.05
-0.13 3.19 -0.11 7 -21 248 1190 1100 19838 37154 2.00 0.05
-0.15 -1.36 -0.36 -7 -73 260 1302 1100 20390 35049 2.00 0.05
-0.16 -0.88 -0.36 21 -61 235 1299 1100 24358 34504 2.00 0.05
-0.19 -3.40 -0.55 36 -67 240 1381 1100 21417 34506 2.00 0.05
-0.18 1.28 -0.29 -14 -37 249 1271 1100 19733 32758 2.00 0.05
-0.23 -4.78 -0.69 40 -125 260 1438 1100 19780 32765 2.00 0.05
-0.20 2.64 -0.27 -24 -34 273 1260 1100 20921 32199 2.00 0.05
-0.22 -2.38 -0.56 13 -47 265 1387 1100 20409 32321 2.00 0.05
-0.24 -1.96 -0.58 53 -62 252 1394 1100 21471 31645 2.00 0.05
-0.25 -0.78 -0.54 38 -85 243 1376 1100 20300 31094 2.00 0.05
-0.26 -0.89 -0.56 45 -86 255 1386 1100 19208 31118 2.00 0.05
-0.23 2.99 -0.31 -17 -9 272 1279 1100 20335 29975 2.00 0.05
-0.26 -2.64 -0.64 34 -100 267 1419 1100 20390 31642 2.00 0.05
-0.21 4.67 -0.18 -43 -20 267 1224 1100 20280 30559 2.00 0.05
-0.24 -3.09 -0.63 -24 -97 249 1415 1100 20905 30448 2.00 0.05
-0.26 -2.10 -0.63 -3 -89 249 1412 1100 21442 30553 2.00 0.05
-0.26 0.37 -0.50 16 -54 251 1358 1100 20239 30413 2.00 0.05
-0.24 2.05 -0.37 58 -43 247 1305 1100 19204 31670 2.00 0.05
-0.19 4.60 -0.15 -36 11 259 1209 1100 19718 32184 2.00 0.05
-0.24 -4.59 -0.70 8 -108 255 1443 1100 21605 33073 2.00 0.05
-0.23 0.91 -0.41 -21 -74 252 1322 1100 23231 32270 2.00 0.05
-0.28 -4.93 -0.80 8 -117 231 1482 1100 20340 32454 2.00 0.05
-0.25 2.32 -0.39 -28 -47 250 1314 1100 19210 34570 2.00 0.05
-0.22 2.93 -0.30 -25 -28 257 1275 1100 19783 34546 2.00 0.05
-0.23 -0.25 -0.46 0 -58 246 1345 1100 19812 33840 2.00 0.05
-0.20 2.25 -0.30 -20 2 264 1273 1100 19768 33872 2.00 0.05
-0.26 -5.88 -0.82 17 -114 250 1490 1100 19947 34536 2.00 0.05
-0.24 2.67 -0.34 -24 -47 248 1292 1100 19835 33348 2.00 0.05
-0.23 0.53 -0.43 29 -65 262 1333 1100 19713 34454 2.00 0.05
-0.19 4.49 -0.15 30 -29 264 1208 1100 20311 35621 2.00 0.05
-0.16 2.61 -0.19 -4 6 265 1226 1100 19742 35758 2.00 0.05
-0.19 -2.72 -0.51 22 -76 225 1364 1100 21473 35572 2.00 0.05
-0.19 0.08 -0.37 4 -54 236 1304 1100 24127 36193 2.00 0.05
-0.24 -4.98 -0.72 46 -103 250 1450 1100 22460 36611 2.00 0.05
-0.20 3.19 -0.25 -14 -42 241 1252 1100 20877 38451 2.00 0.05
-0.22 -2.08 -0.55 19 -93 252 1382 1100 19784 39500 2.00 0.05
-0.18 4.03 -0.17 -37 20 252 1217 1100 19361 39060 2.00 0.05
-0.17 1.08 -0.29 -7 -6 265 1272 1100 20917 40588 2.00 0.05
-0.19 -1.52 -0.45 22 -25 252 1340 1100 20313 42194 2.00 0.05
-0.17 1.74 -0.26 8 -43 228 1256 1100 22111 41069 2.00 0.05
-0.18 -0.49 -0.38 30 -66 244 1308 1100 20204 41069 2.00 0.05
-0.12 5.58 0.04 3 14 250 1100 1159 20336 43994 2.00 0.05
-0.13 -0.66 -0.29 16 -61 266 1269 1100 20874 44506 2.00 0.05
-0.07 5.86 0.16 -41 31 267 1100 1212 22166 43155 2.00 0.05
-0.11 -3.84 -0.41 -1 -58 250 1320 1100 23515 36599 2.00 0.05
-0.12 -1.69 -0.33 -37 -40 251 1289 1100 22320 30641 2.00 0.05
-0.17 -4.17 -0.54 20 -114 247 1376 1100 22981 29958 2.00 0.05
-0.14 2.89 -0.13 -10 11 244 1199 1100 20826 33996 2.00 0.05
-0.12 1.39 -0.18 -5 -40 259 1220 1100 19741 37947 2.00 0.05
-0.13 -0.51 -0.28 -17 4 265 1267 1100 21652 41248 2.00 0.05
-0.09 3.38 -0.02 2 11 245 1150 1100 23561 43604 2.00 0.05
-0.11 -1.60 -0.30 21 -3 239 1275 1100 23341 43388 2.00 0.05
-0.10 1.20 -0.14 26 -30 226 1203 1100 25031 43965 2.00 0.05
-0.10 -0.45 -0.23 0 -46 234 1243 1100 23689 43933 2.00 0.05
-0.09 1.13 -0.13 -33 -89 250 1198 1100 23109 44390 2.00 0.05
-0.10 -1.17 -0.26 -44 -13 268 1259 1100 23425 46667 2.00 0.05
-0.09 1.52 -0.10 -16 -8 256 1186 1100 24717 45103 2.00 0.05
-0.08 0.75 -0.12 -9 18 240 1197 1100 22995 44971 2.00 0.05
-0.10 -2.19 -0.31 12 -32 244 1281 1100 24487 44971 2.00 0.05
-0.10 -0.14 -0.21 -8 -6 253 1237 1100 25819 44362 2.00 0.05
-0.11 -0.22 -0.22 8 -38 252 1241 1100 21317 45063 2.00 0.05
-0.06 4.45 0.10 -2 42 257 1100 1187 22928 44421 2.00 0.05
-0.03 3.34 0.11 12 -20 266 1100 1192 23634 44397 2.00 0.05
-0.02 0.42 -0.03 -20 -4 267 1153 1100 28354 37900 2.00 0.05
-0.06 -3.47 -0.29 -26 -80 251 1270 1100 32619 29416 2.00 0.05
-0.11 -5.61 -0.51 -2 -99 252 1364 1100 34358 31761 2.00 0.05
-0.13 -1.20 -0.31 5 -57 247 1281 1100 24130 35573 2.00 0.05
-0.15 -2.05 -0.40 -7 -46 242 1316 1100 20873 38473 2.00 0.05
-0.10 5.13 0.07 -20 67 251 1100 1171 20977 41035 2.00 0.05
-0.11 -1.26 -0.28 -40 17 277 1266 1100 21230 42275 2.00 0.05
-0.10 1.24 -0.13 8 6 248 1200 1100 24934 38630 2.00 0.05
-0.14 -3.94 -0.47 57 -83 242 1346 1100 25122 34916 2.00 0.05
-0.12 1.89 -0.14 38 -38 239 1204 1100 24755 37337 2.00 0.05
-0.11 0.73 -0.18 31 -84 257 1223 1100 21586 39409 2.00 0.05
-0.09 1.54 -0.11 7 -27 259 1191 1100 24261 41178 2.00 0.05
-0.08 1.16 -0.11 -18 -24 252 1189 1100 24830 41135 2.00 0.05
-0.12 -4.22 -0.46 -17 -20 259 1343 1100 26299 42327 2.00 0.05
-0.14 -2.00 -0.39 -18 -24 243 1313 1100 26575 41216 2.00 0.05
-0.16 -1.81 -0.42 -10 -30 248 1324 1100 22452 41054 2.00 0.05
-0.17 -1.23 -0.41 -2 -112 245 1322 1100 20312 41178 2.00 0.05
-0.15 2.49 -0.18 -29 11 266 1220 1100 19213 39935 2.00 0.05
-0.11 3.58 -0.05 -13 -8 273 1163 1100 19930 41198 2.00 0.05
-0.14 -2.39 -0.39 20 -75 247 1316 1100 23628 40644 2.00 0.05
-0.16 -2.12 -0.42 12 -67 247 1328 1100 26540 40601 2.00 0.05
-0.19 -2.77 -0.51 8 -78 253 1365 1100 20724 41713 2.00 0.05
-0.19 -0.72 -0.42 4 -39 248 1328 1100 19182 40591 2.00 0.05
-0.22 -2.68 -0.58 -24 -93 267 1391 1100 19852 40564 2.00 0.05
-0.18 4.21 -0.15 -35 -25 270 1208 1100 19803 40486 2.00 0.05
-0.21 -3.10 -0.57 -25 -55 262 1391 1100 19977 40673 2.00 0.05
-0.23 -1.74 -0.54 -23 -43 253 1377 1100 21287 40487 2.00 0.05
-0.23 -0.41 -0.48 4 -83 244 1353 1100 20415 40629 2.00 0.05
-0.25 -2.16 -0.61 27 -109 233 1407 1100 19189 41723 2.00 0.05
-0.22 2.90 -0.30 -23 -18 269 1276 1100 19197 39999 2.00 0.05
-0.25 -2.44 -0.62 42 -99 270 1409 1100 19704 39343 2.00 0.05
-0.22 2.53 -0.32 -35 -35 262 1283 1100 20429 38858 2.00 0.05
-0.24 -1.68 -0.56 -2 -57 247 1386 1100 19274 39593 2.00 0.05
-0.26 -2.01 -0.62 48 -87 226 1410 1100 19892 37737 2.00 0.05
-0.26 0.34 -0.50 -1 -35 247 1358 1100 18795 38398 2.00 0.05
-0.27 -1.42 -0.61 18 -127 269 1406 1100 19299 38517 2.00 0.05
-0.22 5.03 -0.19 -25 -9 254 1226 1100 18754 38637 2.00 0.05
-0.23 -0.51 -0.48 -1 -28 260 1350 1100 20849 40096 2.00 0.05
-0.23 -0.60 -0.49 34 -97 230 1357 1100 20407 39974 2.00 0.05
-0.25 -1.86 -0.59 13 -73 252 1399 1100 19244 40482 2.00 0.05
-0.27 -1.85 -0.63 5 -102 259 1414 1100 18866 41733 2.00 0.05
-0.21 5.76 -0.13 -20 24 257 1202 1100 18630 41874 2.00 0.05
-0.21 0.19 -0.41 -13 -33 262 1321 1100 18740 42285 2.00 0.05
-0.17 3.98 -0.14 -9 -33 268 1204 1100 19244 42387 2.00 0.05
-0.16 1.33 -0.25 5 18 252 1251 1100 21999 42347 2.00 0.05
-0.19 -3.24 -0.54 40 -83 216 1376 1100 20049 42267 2.00 0.05
-0.15 3.87 -0.11 -12 -22 245 1189 1100 23199 42283 2.00 0.05
-0.14 1.32 -0.21 35 -45 253 1234 1100 20312 43361 2.00 0.05
-0.07 6.54 0.19 -34 39 261 1100 1225 22191 44449 2.00 0.05
-0.10 -2.85 -0.34 -8 -35 258 1293 1100 23505 43989 2.00 0.05
-0.10 0.12 -0.19 -33 -29 250 1227 1100 25491 36704 2.00 0.05
-0.12 -2.28 -0.36 9 -78 248 1299 1100 24095 29335 2.00 0.05
-0.14 -2.08 -0.39 -16 -23 241 1313 1100 23513 32445 2.00 0.05
-0.13 0.91 -0.22 -8 -72 238 1240 1100 22497 39703 2.00 0.05
-0.13 0.70 -0.22 -24 -9 268 1238 1100 19810 39703 2.00 0.05
-0.15 -2.15 -0.40 -34 -91 251 1319 1100 20929 41815 2.00 0.05
-0.17 -2.26 -0.45 -36 -8 244 1340 1100 22417 43257 2.00 0.05
-0.18 -1.39 -0.44 1 -63 251 1333 1100 20320 42887 2.00 0.05
-0.16 2.13 -0.22 -20 14 254 1239 1100 18874 43477 2.00 0.05
-0.14 2.46 -0.15 -11 -28 258 1210 1100 18795 44304 2.00 0.05
-0.16 -2.10 -0.42 -11 -65 241 1328 1100 20293 44493 2.00 0.05
-0.11 4.65 0.01 -33 20 254 1100 1145 22560 44496 2.00 0.05
-0.12 -0.97 -0.29 18 -29 259 1272 1100 21511 43296 2.00 0.05
-0.07 5.33 0.13 -34 21 266 1100 1200 25287 42108 2.00 0.05
-0.10 -2.70 -0.33 4 -63 248 1286 1100 23150 39436 2.00 0.05
-0.08 1.37 -0.10 -22 -35 255 1185 1100 25661 36902 2.00 0.05
-0.12 -3.85 -0.43 -24 -68 263 1332 1100 22899 32731 2.00 0.05
-0.12 -0.15 -0.25 -25 -31 257 1254 1100 23457 36297 2.00 0.05
-0.10 1.78 -0.12 -15 -30 247 1195 1100 21347 39391 2.00 0.05
-0.13 -2.22 -0.36 -16 -26 261 1302 1100 20977 42335 2.00 0.05
-0.16 -3.29 -0.48 -3 -100 254 1353 1100 24070 43489 2.00 0.05
-0.20 -4.28 -0.62 -25 -75 278 1409 1100 23000 43968 2.00 0.05
-0.21 -1.12 -0.48 17 -88 250 1353 1100 19249 44069 2.00 0.05
-0.18 3.11 -0.21 -8 28 248 1235 1100 18176 44852 2.00 0.05
-0.18 0.30 -0.34 13 -56 240 1294 1100 18735 44481 2.00 0.05
-0.17 0.81 -0.30 -24 -15 272 1276 1100 22605 45689 2.00 0.05
-0.17 0.19 -0.33 -4 -28 265 1287 1100 20374 45689 2.00 0.05
-0.19 -2.17 -0.49 32 -68 243 1356 1100 20277 45406 2.00 0.05
-0.16 2.94 -0.18 19 -34 241 1221 1100 19332 46663 2.00 0.05
-0.18 -1.58 -0.43 18 -106 258 1332 1100 19796 46273 2.00 0.05
-0.14 3.79 -0.09 -1 -9 254 1182 1100 21901 45608 2.00 0.05
-0.18 -4.16 -0.57 -1 -59 263 1389 1100 20417 44327 2.00 0.05
-0.15 3.21 -0.14 -30 7 252 1203 1100 23433 44977 2.00 0.05
-0.16 -1.17 -0.38 -9 -38 254 1309 1100 21266 44788 2.00 0.05
-0.15 0.63 -0.28 15 -13 235 1265 1100 23792 45194 2.00 0.05
-0.14 1.09 -0.23 -21 -49 261 1245 1100 20288 46753 2.00 0.05
-0.11 2.99 -0.08 -35 27 272 1177 1100 21495 46753 2.00 0.05
-0.06 5.77 0.18 -1 19 263 1100 1221 22844 44026 2.00 0.05
-0.06 -0.26 -0.13 19 -14 249 1200 1100 24049 45021 2.00 0.05
-0.05 1.06 -0.04 24 -34 249 1161 1100 29612 29625 2.00 0.05
-0.08 -2.83 -0.29 -18 -50 248 1272 1100 27514 33053 2.00 0.05
-0.10 -2.38 -0.32 16 -85 241 1283 1100 25772 36302 2.00 0.05
-0.11 -1.29 -0.29 -13 -41 256 1271 1100 22640 40168 2.00 0.05
-0.14 -2.33 -0.39 6 -98 251 1313 1100 21551 41855 2.00 0.05
-0.14 -0.58 -0.31 -48 14 268 1281 1100 21449 43932 2.00 0.05
-0.16 -1.88 -0.42 -2 -20 254 1325 1100 19749 43483 2.00 0.05
-0.17 -1.09 -0.40 2 -37 257 1317 1100 19793 43225 2.00 0.05
-0.18 -0.47 -0.38 11 -44 251 1308 1100 18820 44931 2.00 0.05
-0.20 -2.42 -0.52 17 -101 244 1369 1100 18699 45079 2.00 0.05
-0.14 5.85 0.01 9 32 247 1100 1145 18787 45079 2.00 0.05
-0.15 -0.81 -0.34 -2 -58 255 1293 1100 19125 45099 2.00 0.05
-0.12 3.44 -0.06 17 -26 266 1169 1100 23740 40882 2.00 0.05
-0.14 -2.65 -0.42 -5 -42 260 1325 1100 21655 39426 2.00 0.05
-0.17 -3.13 -0.50 10 -81 237 1362 1100 24996 42331 2.00 0.05
-0.19 -1.98 -0.49 12 -77 248 1354 1100 19333 42294 2.00 0.05
-0.19 0.22 -0.37 45 -38 242 1306 1100 19407 42887 2.00 0.05
-0.12 7.48 0.14 -16 54 258 1100 1205 18804 44216 2.00 0.05
-0.17 -5.13 -0.59 -18 -78 270 1398 1100 19040 44681 2.00 0.05
-0.17 0.23 -0.32 -38 -55 264 1283 1100 23629 37621 2.00 0.05
-0.21 -4.42 -0.64 71 -109 225 1418 1100 20863 35067 2.00 0.05
-0.22 -0.96 -0.49 48 -56 232 1354 1100 19555 37917 2.00 0.05
-0.21 1.27 -0.35 8 -55 237 1296 1100 18953 40513 2.00 0.05
-0.20 0.72 -0.36 7 -67 270 1302 1100 18647 40513 2.00 0.05
-0.22 -2.05 -0.54 -68 -92 278 1378 1100 19798 41081 2.00 0.05
-0.34 -12.35 -1.30 -53 -256 258 1674 1100 18395 41185 2.00 0.05
-0.36 -1.97 -0.82 -56 -108 230 1492 1100 19011 41122 2.00 0.05
-0.37 -0.29 -0.75 -16 -61 262 1461 1100 18203 41011 2.00 0.05
-0.35 1.51 -0.63 -57 -97 283 1412 1100 18177 41736 2.00 0.05
-0.32 3.06 -0.49 -52 2 247 1355 1100 18127 42329 2.00 0.05
-0.33 -0.86 -0.70 28 -71 232 1442 1100 18292 43528 2.00 0.05
-0.35 -2.40 -0.83 98 -92 198 1492 1100 18162 43341 2.00 0.05
-0.29 6.41 -0.26 -10 51 261 1256 1100 17597 41639 2.00 0.05
-0.23 5.65 -0.18 -18 -93 272 1223 1100 17558 44056 2.00 0.05
-0.17 6.16 -0.03 -34 14 259 1156 1100 18403 44338 2.00 0.05
-0.12 5.20 0.02 18 41 216 1100 1152 20505 45180 2.00 0.05
-0.10 1.73 -0.12 9 -42 216 1194 1100 23738 44499 2.00 0.05
-0.14 -3.89 -0.48 67 -66 211 1350 1100 29399 41898 2.00 0.05
-0.11 2.73 -0.09 -4 -19 241 1182 1100 29480 40164 2.00 0.05
-0.06 5.39 0.15 -5 -1 266 1100 1210 21746 43042 2.00 0.05
-0.04 2.32 0.04 -20 97 244 1100 1161 22906 44069 2.00 0.05
0.03 6.38 0.38 -24 48 262 1100 1307 25145 36574 2.00 0.05
0.03 0.56 0.09 -21 26 263 1100 1184 28391 30773 2.00 0.05
-0.02 -5.78 -0.34 15 -70 248 1291 1100 33099 30823 2.00 0.05
-0.05 -2.58 -0.23 7 -109 259 1244 1100 35274 27860 2.00 0.05
-0.04 0.53 -0.06 -27 -68 255 1170 1100 37262 30041 2.00 0.05
-0.08 -3.88 -0.36 -1 -100 244 1301 1100 23231 34760 2.00 0.05
-0.07 1.32 -0.07 -31 26 254 1175 1100 22988 40205 2.00 0.05
-0.12 -5.39 -0.52 3 -14 264 1368 1100 22415 41082 2.00 0.05
-0.12 0.30 -0.23 -30 53 255 1243 1100 22720 41669 2.00 0.05
-0.16 -4.06 -0.53 36 -60 261 1371 1100 20745 43281 2.00 0.05
-0.11 5.25 0.04 -13 37 253 1100 1161 20811 44489 2.00 0.05
-0.08 2.80 -0.02 14 -45 255 1152 1100 19754 45567 2.00 0.05
-0.03 5.60 0.23 -23 50 264 1100 1244 23305 39577 2.00 0.05
0.05 7.83 0.50 10 61 252 1100 1359 25979 37053 2.00 0.05
0.07 2.18 0.26 -4 72 254 1100 1257 29725 33182 2.00 0.05
0.09 1.37 0.25 -5 15 263 1100 1251 31922 24162 2.00 0.05
0.08 -1.05 0.10 -5 32 264 1100 1188 34325 22983 2.00 0.05
0.10 2.58 0.34 23 -5 260 1100 1291 36822 23636 2.00 0.05
0.09 -1.33 0.11 -3 10 256 1100 1193 37637 25718 2.00 0.05
0.12 2.52 0.36 -28 7 263 1100 1300 39004 23467 2.00 0.05
0.10 -1.77 0.11 -20 12 264 1100 1190 38978 24650 2.00 0.05
0.08 -2.11 0.05 3 18 262 1100 1163 39438 25183 2.00 0.05
0.05 -2.75 -0.04 7 15 265 1159 1100 40136 26080 2.00 0.05
0.05 -0.07 0.09 17 13 254 1100 1184 40137 28598 2.00 0.05
0.05 -0.21 0.08 21 25 239 1100 1179 40979 31231 2.00 0.05
0.06 1.01 0.16 30 15 244 1100 1215 35921 31574 2.00 0.05
0.05 -0.24 0.10 -1 5 252 1100 1185 37009 30588 2.00 0.05
0.06 0.10 0.12 19 9 261 1100 1193 38456 28526 2.00 0.05
0.07 1.05 0.18 15 34 261 1100 1224 39503 27837 2.00 0.05
0.08 1.25 0.22 -9 44 259 1100 1239 41273 27713 2.00 0.05
0.09 0.98 0.22 9 34 251 1100 1242 41273 26215 2.00 0.05
0.08 -1.02 0.10 -6 -8 266 1100 1189 41537 25535 2.00 0.05
0.07 -0.73 0.10 9 12 262 1100 1189 41150 24207 2.00 0.05
0.09 1.66 0.26 -1 49 249 1100 1256 40648 26643 2.00 0.05
0.11 2.73 0.37 -4 62 255 1100 1303 41733 27147 2.00 0.05
0.13 2.04 0.37 11 51 255 1100 1306 41041 24107 2.00 0.05
0.15 1.05 0.34 -19 59 272 1100 1294 42238 20912 2.00 0.05
0.13 -1.05 0.22 -16 23 272 1100 1239 42582 20895 2.00 0.05
0.12 -1.10 0.19 1 12 259 1100 1228 43886 20879 2.00 0.05
0.12 0.08 0.25 20 -6 255 1100 1255 42901 22909 2.00 0.05
0.11 -1.45 0.15 30 -18 257 1100 1208 42204 24664 2.00 0.05
0.09 -2.23 0.06 -3 4 252 1100 1170 43614 22855 2.00 0.05
0.07 -1.61 0.06 1 28 255 1100 1170 43342 25434 2.00 0.05
0.06 -0.86 0.08 11 32 247 1100 1179 44617 27828 2.00 0.05
0.06 0.12 0.13 18 55 242 1100 1202 44593 28378 2.00 0.05
0.08 1.70 0.25 2 56 250 1100 1252 44373 27664 2.00 0.05
0.07 -0.86 0.10 18 -6 264 1100 1188 43362 26968 2.00 0.05
0.08 0.48 0.18 8 4 266 1100 1222 43276 23866 2.00 0.05
0.09 0.92 0.22 -19 1 252 1100 1240 43276 26028 2.00 0.05
0.10 0.97 0.24 -16 24 255 1100 1250 43351 25042 2.00 0.05
0.06 -3.22 -0.03 36 -37 248 1156 1100 42559 25185 2.00 0.05
0.07 0.45 0.16 10 41 246 1100 1214 43352 23578 2.00 0.05
0.06 -1.34 0.04 -28 29 248 1100 1161 39778 26879 2.00 0.05
0.01 -4.29 -0.19 48 -31 251 1227 1100 37696 26915 2.00 0.05
0.00 -0.90 -0.04 -2 -24 252 1158 1100 33672 29973 2.00 0.05
0.02 1.73 0.13 -18 37 239 1100 1199 28287 34566 2.00 0.05
0.02 -0.58 0.00 -4 -10 236 1100 1142 29117 36629 2.00 0.05
0.01 -0.23 0.01 -22 19 251 1100 1148 35517 30907 2.00 0.05
0.04 2.25 0.18 -15 8 250 1100 1224 38267 30146 2.00 0.05
0.02 -1.62 -0.04 -10 9 253 1161 1100 40082 31129 2.00 0.05
0.00 -1.71 -0.08 -23 -5 248 1178 1100 40079 26646 2.00 0.05
0.03 2.67 0.19 -13 22 242 1100 1227 34363 31925 2.00 0.05
0.04 0.89 0.12 -35 -6 249 1100 1195 31478 30969 2.00 0.05
0.01 -3.19 -0.15 -22 -26 256 1208 1100 33941 26658 2.00 0.05
0.01 0.10 0.02 -29 -9 259 1100 1149 36666 27835 2.00 0.05
0.01 -0.17 0.00 6 15 241 1100 1142 30842 30643 2.00 0.05
0.02 1.88 0.14 -7 45 244 1100 1205 34140 32127 2.00 0.05
0.05 2.40 0.22 -19 56 242 1100 1238 36898 33354 2.00 0.05
0.07 1.78 0.22 -4 31 253 1100 1240 38602 31845 2.00 0.05
0.06 -0.09 0.12 1 22 263 1100 1198 40681 26173 2.00 0.05
0.07 0.80 0.19 12 10 251 1100 1225 41807 25102 2.00 0.05
0.10 3.17 0.37 5 39 254 1100 1304 42945 26123 2.00 0.05
0.12 1.53 0.32 37 22 250 1100 1282 42337 26715 2.00 0.05
0.13 0.58 0.28 16 29 267 1100 1266 43013 22501 2.00 0.05
0.14 1.86 0.38 -13 90 262 1100 1310 42800 20968 2.00 0.05
0.11 -3.20 0.06 15 -8 276 1100 1170 42083 21441 2.00 0.05
0.09 -2.03 0.08 -11 -11 270 1100 1178 42489 20324 2.00 0.05
0.09 0.11 0.19 -16 24 260 1100 1227 44060 21308 2.00 0.05
0.09 -0.20 0.17 8 6 254 1100 1218 43524 26095 2.00 0.05
0.08 -0.90 0.12 9 21 260 1100 1195 43507 26199 2.00 0.05
0.08 -0.35 0.14 -19 16 267 1100 1204 43507 25299 2.00 0.05
0.04 -3.43 -0.08 54 -43 256 1179 1100 43900 25488 2.00 0.05
0.02 -2.86 -0.11 8 26 254 1192 1100 43805 26536 2.00 0.05
0.05 3.44 0.27 4 64 255 1100 1262 41242 29604 2.00 0.05
0.07 2.46 0.27 57 38 242 1100 1262 30364 33449 2.00 0.05
0.10 3.02 0.36 6 87 251 1100 1301 30529 29953 2.00 0.05
0.11 0.58 0.25 -15 19 272 1100 1253 34669 22487 2.00 0.05
0.08 -3.16 -0.00 29 -47 270 1142 1100 38819 20316 2.00 0.05
0.07 -0.56 0.12 12 4 259 1100 1195 41247 21669 2.00 0.05
0.10 2.64 0.33 -3 11 247 1100 1288 42076 26308 2.00 0.05
0.08 -1.76 0.08 22 -10 256 1100 1175 39374 27207 2.00 0.05
0.05 -2.68 -0.02 -18 8 257 1152 1100 41928 22871 2.00 0.05
0.01 -4.25 -0.19 -29 -52 279 1226 1100 42879 24650 2.00 0.05
-0.05 -5.77 -0.38 16 -34 265 1309 1100 40756 30201 2.00 0.05
-0.05 -0.08 -0.10 -7 16 251 1185 1100 35344 33493 2.00 0.05
0.01 5.95 0.32 18 74 236 1100 1286 23624 36721 2.00 0.05
0.02 0.50 0.06 6 14 251 1100 1169 24547 38512 2.00 0.05
0.04 2.18 0.19 -31 59 265 1100 1227 30445 25136 2.00 0.05
0.04 0.44 0.11 1 -1 268 1100 1192 34049 26104 2.00 0.05
0.02 -2.95 -0.12 38 -54 260 1194 1100 37895 25452 2.00 0.05
