-0.57 -0.13 -0.28 1 -138 220 1000 1000 150077 3116 0.50 0.00
-0.57 -0.02 -0.28 5 -137 218 1000 1000 150077 3116 0.50 0.00
-0.57 -0.12 -0.28 13 -137 214 1000 1000 150077 3116 0.50 0.00
-0.57 0.05 -0.28 5 -135 219 1000 1000 150077 3116 0.50 0.00
-0.57 -0.54 -0.29 7 -145 214 1000 1000 150077 3116 0.50 0.00
-0.58 -0.38 -0.29 5 -147 218 1000 1000 150077 3116 0.50 0.00
-0.57 0.11 -0.29 12 -139 215 1000 1000 150077 3116 0.50 0.00
-0.57 0.26 -0.28 2 -142 224 1000 1000 150077 3116 0.50 0.00
-0.57 -0.12 -0.29 12 -141 220 1000 1000 150077 3116 0.50 0.00
-0.57 0.22 -0.28 6 -136 225 1268 1100 150077 3116 0.50 0.00
-0.57 0.52 -0.28 5 -133 228 1267 1100 150077 3116 0.50 0.00
-0.56 0.13 -0.28 12 -135 224 1267 1100 150077 3116 0.50 0.00
-0.55 1.39 -0.27 1 -122 232 1262 1100 150077 3116 0.50 0.00
-0.54 1.02 -0.27 12 -128 228 1260 1100 150077 3116 0.50 0.00
-0.53 1.31 -0.26 7 -119 235 1257 1100 150077 3116 0.50 0.00
-0.51 1.37 -0.25 10 -115 235 1254 1100 150077 3116 0.50 0.00
-0.50 1.69 -0.24 8 -111 239 1249 1100 150077 3116 0.50 0.00
-0.48 1.73 -0.23 7 -103 240 1246 1100 150077 3116 0.50 0.00
-0.46 1.81 -0.22 10 -98 243 1241 1100 150077 3116 0.50 0.00
-0.44 2.31 -0.21 6 -92 246 1235 1100 150077 3116 0.50 0.00
-0.42 1.88 -0.20 13 -85 245 1232 1100 150077 3116 0.50 0.00
-0.39 2.66 -0.19 7 -77 250 1225 1100 150077 3116 0.50 0.00
-0.37 2.33 -0.18 13 -72 248 1220 1100 39023440 3116 0.50 0.00
-0.34 2.67 -0.16 20 -62 252 1214 1100 39023440 3116 0.50 0.00
-0.32 2.62 -0.15 7 -57 249 1208 1100 39023440 21821 0.50 0.00
-0.29 2.56 -0.13 11 -51 251 1202 1100 39023440 21821 0.50 0.00
-0.27 2.35 -0.12 8 -49 248 1197 1100 39023440 21821 0.50 0.00
-0.24 3.14 -0.11 5 -28 261 1189 1100 347059 21821 0.50 0.00
-0.21 2.66 -0.09 -4 -31 255 1184 1100 347059 21821 0.50 0.00
-0.18 2.50 -0.08 14 -25 252 1178 1100 347059 21821 0.50 0.00
-0.15 3.09 -0.06 5 -9 254 1170 1100 97255 21821 0.50 0.00
-0.14 1.80 -0.06 3 -25 256 1169 1100 44139 21821 0.50 0.00
-0.10 3.15 -0.04 2 7 257 1159 1100 38997 21821 0.50 0.00
-0.09 1.01 -0.04 18 -31 257 1161 1100 36925 21821 0.50 0.00
-0.07 2.10 -0.03 9 -7 260 1154 1100 35108 21821 0.50 0.00
-0.05 2.07 -0.02 1 15 254 1149 1100 34898 21821 0.50 0.00
-0.04 1.51 -0.01 12 0 261 1147 1100 34903 21821 0.50 0.00
-0.03 0.99 -0.01 16 -5 252 1145 1100 35034 53842 0.50 0.00
-0.01 1.73 0.00 0 26 252 1100 1142 35044 53842 0.50 0.00
0.00 1.41 0.01 0 4 259 1100 1145 34172 53842 0.50 0.00
0.00 -0.39 -0.00 19 -1 250 1142 1100 37434 29968 0.50 0.00
0.03 3.00 0.03 -3 30 249 1100 1154 37797 53362 0.50 0.00
0.04 0.64 0.02 5 6 248 1100 1151 37372 53362 0.50 0.00
0.02 -1.77 0.00 -12 -21 253 1100 1142 37708 51074 0.50 0.00
0.03 1.25 0.02 7 24 240 1100 1151 39745 45166 0.50 0.00
0.04 0.61 0.02 4 7 245 1100 1151 41066 39319 0.50 0.00
0.02 -1.84 0.00 21 -11 249 1100 1142 41017 37237 0.50 0.00
0.03 1.44 0.02 8 33 251 1100 1151 42186 34236 0.50 0.00
0.08 4.43 0.06 0 88 241 1100 1167 42256 35206 0.50 0.00
0.10 1.92 0.06 0 69 246 1100 1167 42290 34983 0.50 0.00
0.12 2.60 0.07 16 58 245 1100 1174 42843 34927 0.50 0.00
0.16 3.63 0.09 15 52 247 1100 1184 43499 34007 0.50 0.00
0.18 1.85 0.10 25 63 249 1100 1185 42904 31855 0.50 0.00
0.21 3.31 0.12 -4 75 248 1100 1195 42938 30833 0.50 0.00
0.23 2.30 0.13 19 36 255 1100 1198 42838 29990 0.50 0.00
0.23 -0.93 0.11 17 14 249 1100 1191 42681 29693 0.50 0.00
0.17 -5.04 0.07 -10 -14 264 1100 1172 42765 27788 0.50 0.00
0.15 -2.84 0.06 8 12 257 1100 1169 43331 27625 0.50 0.00
0.15 -0.05 0.07 28 57 245 1100 1174 43331 27872 0.50 0.00
0.14 -0.42 0.07 9 44 251 1100 1173 44432 28322 0.50 0.00
0.12 -2.61 0.05 16 10 257 1100 1163 44057 28384 0.50 0.00
0.07 -4.20 0.02 20 -11 261 1100 1150 44102 28461 0.50 0.00
0.06 -0.87 0.03 1 18 254 1100 1154 44049 28644 0.50 0.00
0.07 0.52 0.04 13 25 255 1100 1158 43788 29363 0.50 0.00
0.07 0.37 0.04 12 -6 256 1100 1159 43012 30603 0.50 0.00
0.05 -2.27 0.02 8 -34 250 1100 1149 44049 33208 0.50 0.00
0.00 -4.83 -0.02 -8 -40 251 1149 1100 44208 32122 0.50 0.00
-0.02 -2.42 -0.02 22 -5 246 1150 1100 42925 33790 0.50 0.00
-0.03 -0.93 -0.02 1 -9 252 1150 1100 41405 34253 0.50 0.00
-0.04 -0.80 -0.02 -1 -26 245 1151 1100 37583 37230 0.50 0.00
-0.06 -1.69 -0.03 12 -16 249 1157 1100 35817 39014 0.50 0.00
-0.09 -3.25 -0.06 3 -41 250 1167 1100 35315 40498 0.50 0.00
-0.10 -1.13 -0.05 0 -29 253 1166 1100 35433 41760 0.50 0.00
-0.09 0.99 -0.04 1 -14 251 1160 1100 31552 41191 0.50 0.00
-0.10 -1.47 -0.06 -1 -76 269 1168 1100 29981 41731 0.50 0.00
-0.14 -3.64 -0.08 8 -82 255 1180 1100 30164 40495 0.50 0.00
-0.16 -2.26 -0.09 12 -56 255 1182 1100 31424 39570 0.50 0.00
-0.17 -0.78 -0.09 -22 -45 265 1181 1100 30359 40543 0.50 0.00
-0.18 -1.05 -0.09 -4 -38 254 1184 1100 28959 39934 0.50 0.00
-0.19 -0.52 -0.10 16 -53 256 1185 1100 28404 39967 0.50 0.00
-0.20 -1.46 -0.11 -1 -61 259 1190 1100 27812 39411 0.50 0.00
-0.20 0.17 -0.10 7 -11 261 1186 1100 27146 39363 0.50 0.00
-0.18 1.91 -0.08 -24 -34 276 1179 1100 27192 38906 0.50 0.00
-0.14 3.64 -0.06 9 -5 253 1167 1100 27153 38950 0.50 0.00
-0.14 0.84 -0.06 -8 -40 267 1171 1100 26562 37655 0.50 0.00
-0.14 -0.44 -0.07 10 -54 262 1174 1100 27904 38398 0.50 0.00
-0.14 -0.29 -0.07 30 -46 265 1174 1100 27802 38443 0.50 0.00
-0.12 2.36 -0.05 -9 -4 267 1164 1100 27174 38827 0.50 0.00
-0.08 4.37 -0.02 4 30 252 1150 1100 27704 39430 0.50 0.00
-0.06 1.61 -0.02 -8 23 264 1152 1100 28520 40533 0.50 0.00
-0.04 1.63 -0.02 30 2 246 1148 1100 29501 40529 0.50 0.00
-0.05 -1.14 -0.03 -6 -30 269 1156 1100 31165 41166 0.50 0.00
-0.06 -0.60 -0.03 14 -51 256 1156 1100 32149 41277 0.50 0.00
-0.04 2.20 -0.01 16 -7 255 1146 1100 32092 41735 0.50 0.00
-0.02 2.05 -0.00 -10 -2 261 1141 1100 32802 42227 0.50 0.00
-0.02 0.04 -0.01 26 -3 252 1145 1100 32762 42227 0.50 0.00
-0.02 -0.37 -0.01 -6 23 258 1147 1100 33431 41597 0.50 0.00
-0.02 -0.29 -0.01 10 16 250 1147 1100 34671 41709 0.50 0.00
-0.02 0.91 -0.00 5 21 259 1143 1100 33897 42712 0.50 0.00
0.00 1.89 0.01 5 10 250 1100 1145 34641 42247 0.50 0.00
0.03 2.66 0.03 21 4 248 1100 1153 34762 42867 0.50 0.00
0.04 0.64 0.02 6 6 251 1100 1151 35726 39723 0.50 0.00
0.06 1.95 0.04 28 37 247 1100 1158 37776 36317 0.50 0.00
0.08 2.21 0.05 -4 42 252 1100 1163 39068 33714 0.50 0.00
0.06 -1.51 0.03 -9 -8 251 1100 1153 40563 33401 0.50 0.00
0.06 -0.45 0.03 10 7 254 1100 1154 41166 32778 0.50 0.00
0.06 0.10 0.03 12 22 246 1100 1155 42158 33884 0.50 0.00
0.07 0.79 0.04 12 26 252 1100 1158 41758 33798 0.50 0.00
0.08 1.19 0.04 19 28 251 1100 1161 41786 33766 0.50 0.00
0.08 0.35 0.04 4 13 251 1100 1161 41755 32714 0.50 0.00
0.07 -1.57 0.03 13 6 257 1100 1154 42214 31884 0.50 0.00
0.05 -1.77 0.02 11 6 256 1100 1149 43336 32185 0.50 0.00
0.05 0.45 0.03 3 1 254 1100 1154 43455 33939 0.50 0.00
0.05 -0.54 0.02 24 -4 251 1100 1151 43907 33726 0.50 0.00
0.03 -1.75 0.01 0 -13 254 1100 1145 43327 33761 0.50 0.00
0.01 -1.88 -0.00 11 -12 254 1142 1100 43186 32764 0.50 0.00
-0.00 -1.39 -0.01 0 0 255 1144 1100 41976 34927 0.50 0.00
-0.01 -1.04 -0.01 14 -8 257 1146 1100 38760 37467 0.50 0.00
-0.02 -1.13 -0.02 14 -17 253 1148 1100 37059 38464 0.50 0.00
-0.03 -0.54 -0.02 -2 -5 256 1149 1100 36437 39629 0.50 0.00
-0.04 -0.83 -0.02 4 -16 255 1151 1100 35250 40081 0.50 0.00
-0.04 -0.72 -0.02 12 -19 258 1152 1100 35555 40445 0.50 0.00
-0.05 -0.58 -0.03 1 -25 255 1154 1100 34998 41709 0.50 0.00
-0.05 -0.10 -0.03 3 -14 255 1153 1100 34912 41222 0.50 0.00
-0.07 -1.60 -0.04 0 -34 264 1159 1100 34428 42428 0.50 0.00
-0.08 -1.43 -0.05 5 -38 260 1162 1100 34955 42321 0.50 0.00
-0.09 -0.61 -0.05 4 -30 257 1162 1100 33922 42266 0.50 0.00
-0.10 -1.54 -0.06 13 -37 258 1167 1100 33263 42842 0.50 0.00
-0.11 -0.25 -0.05 9 -22 265 1166 1100 32842 42819 0.50 0.00
-0.11 -0.64 -0.06 12 -33 264 1168 1100 30941 42819 0.50 0.00
-0.10 0.84 -0.05 -10 -8 264 1163 1100 30442 42290 0.50 0.00
-0.10 0.79 -0.04 13 2 251 1161 1100 28827 43482 0.50 0.00
-0.11 -1.01 -0.06 -2 -58 274 1167 1100 29836 43494 0.50 0.00
-0.11 -0.32 -0.06 11 -45 261 1166 1100 30312 42996 0.50 0.00
-0.11 0.28 -0.05 1 -25 265 1165 1100 29891 42172 0.50 0.00
-0.09 1.12 -0.04 5 -14 263 1161 1100 29398 43925 0.50 0.00
-0.08 1.04 -0.04 1 0 255 1158 1100 29255 43307 0.50 0.00
-0.09 -0.28 -0.04 18 -39 264 1161 1100 29798 43992 0.50 0.00
-0.10 -1.02 -0.05 2 -29 258 1165 1100 29700 43518 0.50 0.00
-0.10 0.19 -0.05 -3 6 255 1162 1100 30815 43377 0.50 0.00
-0.08 1.33 -0.04 12 -26 254 1157 1100 31238 43442 0.50 0.00
-0.07 1.34 -0.03 1 -16 250 1154 1100 30338 42730 0.50 0.00
-0.07 0.23 -0.03 12 -20 263 1156 1100 31094 43383 0.50 0.00
-0.07 -0.65 -0.04 17 -27 256 1159 1100 31688 43157 0.50 0.00
-0.07 0.35 -0.03 -6 7 252 1156 1100 32749 45140 0.50 0.00
-0.06 0.74 -0.03 -2 -23 262 1154 1100 31986 45140 0.50 0.00
-0.06 0.22 -0.03 11 -24 254 1154 1100 33819 44438 0.50 0.00
-0.06 0.10 -0.03 15 8 251 1154 1100 33161 45004 0.50 0.00
-0.05 1.08 -0.02 0 -4 254 1150 1100 32789 44497 0.50 0.00
-0.05 0.11 -0.02 1 -14 254 1152 1100 32715 43369 0.50 0.00
-0.02 2.28 -0.00 11 27 252 1142 1100 32732 42284 0.50 0.00
0.00 2.54 0.01 8 25 254 1100 1146 32681 42804 0.50 0.00
0.00 0.16 0.00 0 10 244 1100 1142 34431 42264 0.50 0.00
0.02 1.69 0.02 10 12 252 1100 1149 35380 41520 0.50 0.00
0.03 1.38 0.02 4 4 253 1100 1151 37923 38101 0.50 0.00
0.03 -0.10 0.02 6 6 252 1100 1148 38618 35891 0.50 0.00
0.05 1.64 0.03 -5 29 250 1100 1155 39598 35324 0.50 0.00
0.06 1.42 0.04 10 15 255 1100 1158 40180 34955 0.50 0.00
0.04 -1.93 0.01 1 -12 252 1100 1148 41622 34875 0.50 0.00
0.04 -0.23 0.02 26 20 250 1100 1150 41763 33762 0.50 0.00
0.06 1.69 0.04 -1 45 253 1100 1158 42988 33776 0.50 0.00
0.06 0.53 0.03 17 23 254 1100 1157 42968 32908 0.50 0.00
0.06 -0.30 0.03 4 -2 255 1100 1155 43198 32144 0.50 0.00
0.06 -0.10 0.03 15 4 255 1100 1155 42254 31581 0.50 0.00
0.04 -1.59 0.02 -2 -3 253 1100 1148 42269 32184 0.50 0.00
0.02 -2.37 0.00 11 -34 258 1100 1141 42787 33267 0.50 0.00
0.01 -0.89 0.00 18 -30 251 1100 1142 43428 33950 0.50 0.00
-0.01 -1.84 -0.01 7 -17 251 1146 1100 43851 33867 0.50 0.00
-0.04 -3.58 -0.04 3 -28 253 1157 1100 43406 34559 0.50 0.00
-0.07 -2.83 -0.05 18 -35 255 1162 1100 39120 36464 0.50 0.00
-0.08 -0.94 -0.04 -5 -21 253 1161 1100 35288 38960 0.50 0.00
-0.09 -1.12 -0.05 19 -19 256 1164 1100 33931 40040 0.50 0.00
-0.11 -2.04 -0.06 23 -45 255 1170 1100 33303 41191 0.50 0.00
-0.10 1.19 -0.05 1 -9 249 1162 1100 31899 41902 0.50 0.00
-0.11 -0.96 -0.06 13 -52 262 1168 1100 29664 41775 0.50 0.00
-0.13 -1.74 -0.07 0 -54 257 1173 1100 30744 41543 0.50 0.00
-0.12 0.79 -0.06 14 -12 255 1167 1100 29994 41652 0.50 0.00
-0.11 0.65 -0.05 -10 -22 261 1166 1100 29141 41798 0.50 0.00
-0.11 0.28 -0.05 25 -15 248 1166 1100 29674 42907 0.50 0.00
-0.12 -1.28 -0.07 10 -47 263 1171 1100 28776 42514 0.50 0.00
-0.13 -0.36 -0.06 16 -53 257 1171 1100 28315 42429 0.50 0.00
-0.12 1.10 -0.05 15 13 252 1165 1100 28285 42820 0.50 0.00
-0.09 2.11 -0.04 13 -7 261 1159 1100 28279 42886 0.50 0.00
-0.07 2.89 -0.02 14 6 251 1151 1100 28802 42222 0.50 0.00
-0.07 -0.80 -0.04 1 -29 260 1159 1100 31583 42105 0.50 0.00
-0.07 -0.12 -0.04 20 -24 256 1158 1100 31687 42105 0.50 0.00
-0.06 1.05 -0.03 -10 6 254 1154 1100 32666 42826 0.50 0.00
-0.05 1.33 -0.02 34 -18 255 1150 1100 32220 43412 0.50 0.00
-0.04 1.10 -0.02 -1 -30 258 1148 1100 31884 42961 0.50 0.00
-0.05 -1.13 -0.03 -3 -10 259 1155 1100 32797 43436 0.50 0.00
-0.04 0.96 -0.02 8 13 258 1149 1100 33845 44504 0.50 0.00
-0.05 -0.74 -0.03 14 -9 254 1154 1100 33884 43272 0.50 0.00
-0.04 1.24 -0.01 -4 -3 255 1147 1100 33104 43440 0.50 0.00
-0.03 0.63 -0.01 6 -11 256 1147 1100 34404 43984 0.50 0.00
-0.04 -0.88 -0.02 4 -12 255 1152 1100 33414 43284 0.50 0.00
-0.03 0.54 -0.01 21 -7 256 1148 1100 33816 43540 0.50 0.00
-0.04 -0.33 -0.02 5 -37 258 1150 1100 33804 44714 0.50 0.00
-0.04 -0.17 -0.02 3 -13 250 1150 1100 33282 44490 0.50 0.00
-0.05 -1.51 -0.03 0 -18 256 1156 1100 33765 43454 0.50 0.00
-0.06 -0.53 -0.03 9 -20 257 1156 1100 33309 42731 0.50 0.00
-0.05 0.84 -0.02 9 14 251 1151 1100 33791 42731 0.50 0.00
-0.05 0.49 -0.02 13 -1 254 1151 1100 34078 43962 0.50 0.00
-0.05 -0.59 -0.03 21 -24 253 1154 1100 32885 44022 0.50 0.00
-0.04 0.94 -0.02 -12 12 252 1149 1100 33978 42200 0.50 0.00
-0.03 1.53 -0.01 19 -5 254 1144 1100 33407 44005 0.50 0.00
-0.03 -0.08 -0.01 9 -15 256 1148 1100 33849 41651 0.50 0.00
-0.03 0.27 -0.01 -10 -12 245 1146 1100 34770 42236 0.50 0.00
-0.03 -0.28 -0.02 21 -26 259 1148 1100 34392 43424 0.50 0.00
-0.04 -1.54 -0.03 16 -17 252 1154 1100 34884 42977 0.50 0.00
-0.05 -0.30 -0.02 -7 -7 250 1152 1100 34459 42940 0.50 0.00
-0.05 0.04 -0.02 1 -23 252 1151 1100 34919 42831 0.50 0.00
-0.06 -1.28 -0.03 15 -14 255 1157 1100 33315 42264 0.50 0.00
-0.05 0.39 -0.03 12 3 254 1153 1100 33851 42275 0.50 0.00
-0.06 -0.99 -0.04 -7 -36 260 1158 1100 33871 42271 0.50 0.00
-0.08 -1.13 -0.04 13 -36 257 1160 1100 33766 42765 0.50 0.00
-0.06 1.54 -0.02 9 6 255 1152 1100 34391 42328 0.50 0.00
-0.06 -0.14 -0.03 -6 -20 255 1155 1100 31954 42523 0.50 0.00
-0.06 -0.29 -0.03 21 -13 253 1156 1100 31587 42373 0.50 0.00
-0.05 1.14 -0.02 1 0 254 1151 1100 32148 42246 0.50 0.00
-0.04 0.97 -0.02 11 6 260 1149 1100 31696 41474 0.50 0.00
-0.05 -0.54 -0.03 14 -8 252 1153 1100 33782 42162 0.50 0.00
-0.02 2.49 -0.00 13 16 261 1142 1100 34347 42201 0.50 0.00
0.00 2.82 0.01 2 22 255 1100 1147 33859 42201 0.50 0.00
0.01 0.84 0.01 14 23 252 1100 1145 34271 42827 0.50 0.00
0.03 2.00 0.02 7 21 256 1100 1152 36107 41362 0.50 0.00
0.04 1.13 0.03 13 10 256 1100 1153 38590 37066 0.50 0.00
0.05 0.54 0.03 5 11 254 1100 1153 39071 35328 0.50 0.00
0.05 0.39 0.03 6 14 256 1100 1154 41118 34244 0.50 0.00
0.04 -1.05 0.02 12 -30 258 1100 1149 41109 33876 0.50 0.00
0.03 -1.73 0.01 4 -20 258 1100 1144 41826 33784 0.50 0.00
0.01 -1.57 -0.00 21 -10 254 1142 1100 42355 32750 0.50 0.00
-0.00 -1.28 -0.01 -9 -3 259 1144 1100 42602 34142 0.50 0.00
-0.02 -1.51 -0.02 32 -10 259 1148 1100 39674 36441 0.50 0.00
-0.03 -1.21 -0.02 -16 -15 260 1150 1100 37671 38439 0.50 0.00
-0.03 0.01 -0.02 19 11 249 1148 1100 35871 40042 0.50 0.00
-0.05 -2.23 -0.04 7 -32 258 1157 1100 34522 41475 0.50 0.00
-0.05 -0.20 -0.03 9 -34 257 1154 1100 34822 42275 0.50 0.00
-0.05 0.62 -0.02 7 -7 255 1151 1100 34728 42297 0.50 0.00
-0.06 -0.78 -0.03 -11 -26 255 1155 1100 33847 42248 0.50 0.00
-0.07 -1.65 -0.04 21 -38 263 1161 1100 34337 41774 0.50 0.00
-0.08 -0.30 -0.04 11 -16 255 1159 1100 33843 40492 0.50 0.00
-0.07 0.19 -0.04 -7 -11 259 1158 1100 33158 42337 0.50 0.00
-0.09 -1.23 -0.05 13 -14 256 1163 1100 32861 42931 0.50 0.00
-0.07 2.02 -0.02 6 10 262 1152 1100 33782 43317 0.50 0.00
-0.05 1.20 -0.02 11 -9 253 1151 1100 31725 42874 0.50 0.00
-0.06 -0.40 -0.03 8 -15 253 1155 1100 32582 42874 0.50 0.00
-0.05 1.03 -0.02 11 -5 259 1150 1100 32283 42866 0.50 0.00
-0.04 0.73 -0.02 1 -22 258 1149 1100 32796 42326 0.50 0.00
-0.03 0.93 -0.01 2 3 253 1146 1100 33293 42840 0.50 0.00
-0.03 0.53 -0.01 13 0 257 1146 1100 34073 42238 0.50 0.00
-0.03 -0.16 -0.01 14 -17 252 1148 1100 33278 42276 0.50 0.00
-0.03 -0.04 -0.01 1 9 257 1147 1100 35016 42257 0.50 0.00
-0.04 -0.84 -0.02 18 -26 252 1151 1100 34942 42992 0.50 0.00
-0.05 -1.16 -0.03 3 -39 254 1154 1100 34373 43415 0.50 0.00
-0.05 0.14 -0.02 1 -2 256 1151 1100 34325 42064 0.50 0.00
-0.05 -0.66 -0.03 -2 -36 259 1154 1100 33761 41580 0.50 0.00
-0.08 -2.62 -0.05 7 -51 255 1164 1100 34326 42224 0.50 0.00
-0.09 -1.41 -0.05 7 -29 256 1165 1100 33265 42948 0.50 0.00
-0.10 -0.92 -0.05 20 -36 254 1166 1100 33840 42838 0.50 0.00
-0.12 -1.73 -0.07 10 -27 261 1171 1100 33107 42879 0.50 0.00
-0.10 2.33 -0.04 15 21 251 1159 1100 29912 43931 0.50 0.00
-0.08 1.19 -0.04 1 -15 262 1158 1100 29402 43352 0.50 0.00
-0.08 0.25 -0.04 6 3 250 1159 1100 29731 42280 0.50 0.00
-0.07 1.53 -0.03 20 -4 257 1153 1100 31624 43280 0.50 0.00
-0.04 2.27 -0.01 12 -4 255 1147 1100 31677 42833 0.50 0.00
-0.03 1.71 -0.01 -16 6 252 1144 1100 31674 42957 0.50 0.00
-0.02 1.07 -0.00 16 -14 255 1143 1100 33721 42957 0.50 0.00
-0.02 -0.12 -0.01 19 -29 256 1145 1100 34900 41688 0.50 0.00
-0.02 -0.55 -0.01 -6 10 254 1147 1100 34182 41688 0.50 0.00
-0.02 0.27 -0.01 12 -9 253 1145 1100 34387 42222 0.50 0.00
-0.03 -0.64 -0.02 2 -10 253 1148 1100 35383 42790 0.50 0.00
-0.02 0.54 -0.01 10 7 252 1145 1100 34949 43493 0.50 0.00
-0.02 0.10 -0.01 18 -2 251 1145 1100 34292 42776 0.50 0.00
-0.02 0.09 -0.01 12 8 256 1145 1100 34909 41724 0.50 0.00
-0.01 0.69 -0.00 -5 0 252 1143 1100 33741 41696 0.50 0.00
-0.00 1.22 0.00 8 -4 258 1100 1143 35066 40990 0.50 0.00
-0.01 -1.14 -0.01 20 -13 251 1146 1100 34901 41035 0.50 0.00
0.00 1.42 0.01 -14 20 256 1100 1144 34949 41476 0.50 0.00
-0.00 -0.43 -0.00 14 -19 256 1142 1100 37805 39420 0.50 0.00
-0.00 -0.30 -0.00 13 1 259 1143 1100 37261 39334 0.50 0.00
-0.01 -0.15 -0.00 1 -5 251 1143 1100 35942 37954 0.50 0.00
-0.00 0.40 0.00 0 16 252 1100 1141 35993 40169 0.50 0.00
-0.01 -1.02 -0.01 14 -21 257 1146 1100 35967 40528 0.50 0.00
-0.01 0.15 -0.00 -9 -1 262 1143 1100 37295 40459 0.50 0.00
-0.01 -0.35 -0.01 19 -20 251 1145 1100 37646 37685 0.50 0.00
-0.05 -3.38 -0.04 16 -50 257 1158 1100 35404 40651 0.50 0.00
-0.05 -0.43 -0.03 8 -28 257 1154 1100 37061 41256 0.50 0.00
-0.06 -0.34 -0.03 -7 -6 260 1154 1100 34741 41741 0.50 0.00
-0.06 -0.55 -0.03 16 -17 264 1156 1100 32764 41792 0.50 0.00
-0.07 -0.84 -0.04 9 -1 254 1159 1100 32752 41723 0.50 0.00
-0.06 1.22 -0.02 12 4 255 1152 1100 33852 42227 0.50 0.00
-0.06 -0.63 -0.03 -3 -14 259 1157 1100 32787 41044 0.50 0.00
-0.06 0.85 -0.02 4 -3 257 1152 1100 33728 42790 0.50 0.00
-0.03 2.89 -0.00 23 10 256 1142 1100 33309 42945 0.50 0.00
-0.02 1.07 -0.00 8 -6 260 1143 1100 33185 42275 0.50 0.00
-0.01 0.39 -0.00 10 2 254 1143 1100 33655 42267 0.50 0.00
-0.01 0.37 -0.00 -20 -9 262 1142 1100 35620 42257 0.50 0.00
-0.03 -1.83 -0.02 18 -39 257 1150 1100 35537 41797 0.50 0.00
-0.04 -1.67 -0.03 11 -30 254 1154 1100 34627 41174 0.50 0.00
-0.05 -0.72 -0.03 0 -29 258 1154 1100 34816 41660 0.50 0.00
-0.06 -1.33 -0.04 17 -31 261 1158 1100 34816 42370 0.50 0.00
-0.07 -0.59 -0.04 -2 -2 256 1158 1100 33375 42310 0.50 0.00
-0.07 0.19 -0.03 38 -2 259 1156 1100 31777 42370 0.50 0.00
-0.08 -0.87 -0.04 5 -16 260 1160 1100 31508 42262 0.50 0.00
-0.07 0.58 -0.03 -1 3 253 1156 1100 32105 42256 0.50 0.00
-0.06 0.83 -0.03 6 -22 261 1154 1100 31855 42230 0.50 0.00
-0.06 0.38 -0.03 13 -22 252 1154 1100 32771 42302 0.50 0.00
-0.03 2.37 -0.01 5 20 257 1145 1100 33205 41142 0.50 0.00
-0.01 2.02 0.00 8 11 255 1100 1141 33235 41142 0.50 0.00
-0.01 0.30 -0.00 0 4 251 1143 1100 32847 42359 0.50 0.00
-0.01 -0.24 -0.01 -4 -7 257 1145 1100 35775 41529 0.50 0.00
-0.02 -0.73 -0.01 31 -31 258 1147 1100 37217 40029 0.50 0.00
-0.03 -1.31 -0.02 2 -24 257 1151 1100 36001 41106 0.50 0.00
-0.03 0.85 -0.01 3 -4 253 1145 1100 34881 41666 0.50 0.00
-0.01 1.14 -0.00 16 1 258 1142 1100 34097 42285 0.50 0.00
-0.03 -1.07 -0.02 7 -2 256 1149 1100 34273 43636 0.50 0.00
-0.03 -0.34 -0.02 16 4 255 1148 1100 35053 42168 0.50 0.00
-0.03 0.09 -0.01 -2 6 260 1147 1100 34894 42716 0.50 0.00
-0.03 -0.54 -0.02 14 -18 255 1150 1100 34932 41688 0.50 0.00
-0.02 1.54 -0.00 6 1 256 1142 1100 35064 42347 0.50 0.00
-0.00 1.36 0.00 5 4 257 1100 1143 35609 42232 0.50 0.00
0.00 0.54 0.00 19 7 255 1100 1142 35010 42928 0.50 0.00
0.01 0.54 0.01 8 12 253 1100 1144 35132 42668 0.50 0.00
0.00 -0.19 0.00 7 -6 259 1100 1142 35763 38634 0.50 0.00
-0.01 -1.04 -0.01 11 -17 251 1144 1100 38078 37243 0.50 0.00
-0.01 -0.14 -0.00 -7 3 256 1143 1100 39319 36581 0.50 0.00
-0.01 -0.61 -0.01 13 -31 259 1145 1100 40555 36241 0.50 0.00
-0.02 -1.02 -0.02 22 -20 256 1148 1100 36153 40091 0.50 0.00
-0.03 -0.29 -0.01 -14 -2 257 1148 1100 34785 40091 0.50 0.00
-0.03 0.05 -0.01 13 8 254 1147 1100 34483 41274 0.50 0.00
-0.04 -1.08 -0.02 18 -10 257 1151 1100 34809 41678 0.50 0.00
-0.03 0.78 -0.01 5 10 256 1146 1100 35403 41182 0.50 0.00
-0.03 0.31 -0.01 5 -11 258 1146 1100 34914 41689 0.50 0.00
-0.04 -1.15 -0.02 1 -21 262 1152 1100 33859 41625 0.50 0.00
-0.03 1.19 -0.01 21 -6 254 1145 1100 33731 41728 0.50 0.00
-0.03 -0.09 -0.01 0 -22 258 1147 1100 33799 41600 0.50 0.00
-0.04 -1.30 -0.02 18 -29 259 1152 1100 33820 42925 0.50 0.00
-0.04 -0.34 -0.02 -2 1 255 1151 1100 34528 42823 0.50 0.00
-0.04 0.10 -0.02 8 -8 259 1150 1100 34346 42988 0.50 0.00
-0.05 -1.06 -0.03 3 -12 260 1155 1100 33312 42797 0.50 0.00
-0.04 1.56 -0.01 7 21 254 1147 1100 33234 42900 0.50 0.00
-0.03 0.23 -0.02 -14 -16 261 1148 1100 33344 42863 0.50 0.00
-0.04 -0.48 -0.02 22 -16 257 1151 1100 33371 41697 0.50 0.00
-0.03 1.01 -0.01 -15 -1 258 1146 1100 34279 42916 0.50 0.00
-0.03 0.27 -0.01 34 -23 256 1146 1100 34947 44613 0.50 0.00
-0.04 -1.83 -0.03 4 -37 258 1155 1100 33369 41360 0.50 0.00
-0.05 -0.43 -0.03 -6 -17 260 1153 1100 34330 42163 0.50 0.00
-0.05 -0.19 -0.03 13 -16 261 1153 1100 33823 42059 0.50 0.00
-0.07 -2.02 -0.04 5 -20 253 1161 1100 33225 42138 0.50 0.00
-0.06 0.57 -0.03 -5 -4 251 1155 1100 33263 42103 0.50 0.00
-0.07 -0.70 -0.04 16 -31 261 1159 1100 33942 42353 0.50 0.00
-0.08 -1.20 -0.05 -3 -26 260 1162 1100 33228 42409 0.50 0.00
-0.07 1.76 -0.03 23 13 254 1153 1100 33767 42409 0.50 0.00
-0.05 1.97 -0.02 -11 4 266 1148 1100 32696 41689 0.50 0.00
-0.03 1.26 -0.01 16 9 252 1147 1100 33842 42371 0.50 0.00
-0.02 1.50 -0.00 22 15 254 1143 1100 33820 42214 0.50 0.00
-0.00 1.47 0.00 -7 10 256 1100 1143 33828 41615 0.50 0.00
-0.00 0.40 0.00 15 4 254 1100 1142 34005 42276 0.50 0.00
0.02 1.82 0.02 1 7 259 1100 1148 37491 39686 0.50 0.00
0.03 1.44 0.02 11 4 253 1100 1151 39629 37173 0.50 0.00
0.04 0.30 0.02 15 19 252 1100 1150 40508 35475 0.50 0.00
0.04 0.25 0.02 0 9 257 1100 1150 41228 34736 0.50 0.00
0.03 -0.54 0.01 32 -2 256 1100 1147 41228 34265 0.50 0.00
0.03 -0.11 0.02 3 13 257 1100 1148 43027 34835 0.50 0.00
0.04 0.46 0.02 7 19 251 1100 1150 42951 35076 0.50 0.00
0.03 -0.97 0.01 -7 -16 259 1100 1145 42217 35443 0.50 0.00
0.02 -0.58 0.01 24 -5 259 1100 1145 42892 34910 0.50 0.00
0.03 0.97 0.02 12 24 256 1100 1150 42904 34510 0.50 0.00
0.03 0.14 0.02 9 22 253 1100 1149 43869 34239 0.50 0.00
0.03 0.05 0.02 -5 10 257 1100 1148 43272 34305 0.50 0.00
0.02 -1.02 0.01 11 -23 257 1100 1144 42347 36221 0.50 0.00
-0.00 -2.34 -0.01 17 -35 255 1146 1100 43296 33798 0.50 0.00
-0.01 -1.34 -0.01 12 -8 253 1147 1100 42919 35055 0.50 0.00
-0.01 0.09 -0.01 1 -14 257 1144 1100 40665 37722 0.50 0.00
-0.03 -1.78 -0.02 9 -42 258 1152 1100 37082 39529 0.50 0.00
-0.05 -1.41 -0.03 13 -5 257 1154 1100 36187 40560 0.50 0.00
-0.06 -1.28 -0.03 -14 -4 257 1157 1100 35996 41767 0.50 0.00
-0.08 -1.92 -0.05 20 -30 260 1162 1100 33822 42255 0.50 0.00
-0.07 0.39 -0.04 7 -15 258 1157 1100 33105 42243 0.50 0.00
